1A 1Litre 120 300 16.1 9 3.65 290
1B Bora 195 1984 11.0 116 4.376 1240
1C Bora_Stockcar 280 5700 5.3 450 4.7 1250
1D Concept_R 268 3189 5.3 265 4.12 1300
2A Concept_T 228 3198 6.9 265 4.12 1300
2B CrossFox 175 1599 11 101 4.08 1129
2C Eco_Racer 230 1484 6.3 136  3.77 850
2D EOS 232 1984 7.8 200 4.407 1536
3A Fox_Sportline 186 1599 10.8 101 3.804 1040
3B Golf_GTI 227 1781 7.8 180 4.147 1251
3C Golf_Power 189 1781 10.1 103 3.931 988
3D GX3 230 1600 5.7 125 3.754 570
4A Iroc 242 1390 7.0 210 4.24 1360
4B Jetta 280 2480 9.6 150 4.554 1462
4C Kombi 130 1390 16.1 57 4.505 1297
4D Nardo 349 5998 3.5 600 4.55 1200
5A New_Beetle 185 1984 10.9 116 4.129 1246
5B New_Beetle_Cabriolet 179 1896 12 107 4.129 1350
5C ParatiTrack&_Field 190 1781 10.1 103 4.189 1069
5D Passat_Turbo 230 1984 7.8 200 4.765 1463
6A Phaeton 250 4921 6.9 313 5.055 2447
6B Polo 187 1599 11.4 101 3.915 1115
6C Polo_GTI 216 1781 8.2 150 3.916 1164
6D Polo_Sedan 201 1984 10.3 116 4.198 1171
7A Saveiro_Crossover 175 1781 10.2 103 4.529 1044
7B Saveiro_SuperSurf 164 1596 12 97 4.451 1002
7C Sharan 192 1968 12.2 144 4.634 1752
7D SpaceFox 173 1599 11.1 101 4.180 1095
8A Touareg_V8 218 4172 8.1 310 4.754 2317
8B Touareg_W12_Sport 250 5998 5.9 450 4.754 2542
8C Touran 212 1968 9.1 172 4.391 1497
8D Varian_Turbo 227 1984 7.9 200 4.774 1518